4053793547964747904 264.16939344  -33.03325935   0.8726   0.1792   2.5494   0.1534  -1.4952   0.1223  17.9052  18.7024  16.8916      ...      ...      ...  0.9692  0.7959  0.9793  0.7795 1  0.3832  1.7451   6.8637
4054500465190725632 263.10710918  -32.96962071   0.8005   0.6551   2.3292   1.4912  -1.5694   0.9243  20.1954  21.1001  18.8342      ...      ...      ...  0.7256  0.6985  0.9793  0.6840 1  0.2377  2.0252   6.4819
4054501599068361216 263.08486813  -32.91805440   0.9380   0.0303   2.7582   0.0395  -1.6863   0.0275  15.1189  15.7008  14.3786  13.5120  13.1030  12.9830  1.0000  0.8585  0.9793  0.8407 1  0.0103  1.4924   7.0413
4054514449600386304 263.64147648  -33.22555846   0.9889   0.0693   2.5272   0.0873  -1.8715   0.0600  16.3805  17.3455  15.3514  13.5400  12.3790  11.8880  0.9995  0.9110  0.9828  0.8953 1  0.5164  1.3103   6.8423
4054518023012382592 264.01601176  -33.15455344   0.8342   0.0295   2.7714   0.0333  -1.9067   0.0242  14.6423  15.2138  13.9147  12.9920  12.5400  12.3530  1.0000  0.6760  0.9793  0.6620 1  0.0276  1.8888   6.7166
4054523005174661376 263.80412231  -33.06386750   0.8671   0.2074   2.5731   0.2395  -1.3761   0.1396  18.1378  19.4294  17.0201  15.3560  13.7100  13.1710  0.9932  0.5969  0.9793  0.5845 0  0.5412  1.7732   7.2741
4054525513436242944 263.45322374  -33.19908288   0.9338   0.0176   2.4838   0.0242  -1.8439   0.0164  13.6906  14.0927  13.1108  12.2280  11.5280  11.1600  1.0000  0.9757  1.0000  0.9757 1  0.0012  1.5009   6.4682
4054531796954949504 263.46507918  -33.06017238   0.9641   0.0243   2.6875   0.0290  -1.7469   0.0219  14.6616  15.2611  13.9073  12.7570  12.3450  12.3170  1.0000  0.9185  0.9862  0.9059 1  0.0669  1.3943   7.0551
4054531900049210112 263.44452620  -33.06249429   0.7876   0.1719   2.6927   0.2159  -1.7781   0.1445  18.3423  19.7828  17.1928  15.6610  14.2810  13.6770  0.9902  0.9374  0.9862  0.9245 1  0.8816  2.0584   7.0837
4054532007426917760 263.44855246  -33.05835113   0.8711   0.0381   2.7322   0.0438  -1.7746   0.0308  15.6257  16.3731  14.7725  13.6180  13.0990  13.0330  1.0000  0.8771  0.9793  0.8589 1  0.0157  1.7641   6.9519
4054534167776486912 263.60978078  -33.05934737   0.8487   0.0179   2.6105   0.0223  -1.8588   0.0162  12.2124  12.3510  11.9514  11.5910  11.5210  11.4610  1.0000  0.9452  0.9793  0.9257 1  0.0000  1.8487   6.6039
4054535065432277888 263.80122546  -33.01870095   0.8029   0.3491   2.5042   0.3759  -1.4764   0.2693  18.9823  20.1249  18.0145      ...      ...      ...  0.7334  0.7731  0.9793  0.7571 1  0.5582  2.0091   6.4621
4054538982453241216 263.61509529  -32.91929375   0.8857   0.0278   2.6328   0.0253  -1.6348   0.0191  14.2672  14.7299  13.6289  12.8170  12.6120  12.6200  1.0000  0.9706  1.0000  0.9706 1  0.0005  1.7028   6.6296
4054540425549264000 263.63209554  -32.90969774   0.9778   0.3097   2.3668   0.3234  -1.7407   0.2389  18.8711  20.2616  17.7014      ...      ...      ...  0.8667  0.8488  0.9793  0.8312 1  0.6872  1.3452   6.7425
4054540730487700992 263.59371897  -32.88326085   0.8704   0.1184   2.3987   0.1021  -1.8891   0.0776  17.2086  18.5798  16.0633  14.3160  12.3540  11.6730  0.9995  0.7711  0.9793  0.7552 1  0.5316  1.7656   6.9195
4054545579512054144 264.14156875  -32.91793869   0.8623   0.7635   2.1521   0.6262  -1.8959   0.4793  19.9559  21.1707  18.7642      ...      ...      ...  0.9341  0.5213  0.9793  0.5105 0  0.4697  1.3439   7.1487
4054547469293972096 263.87981941  -32.95045857   0.8776   0.5627   2.5900   0.6342  -1.5607   0.4045  19.5508  20.8093  18.5426      ...      ...      ...  0.6689  0.9421  0.9931  0.9356 1  0.4592  1.7341   6.6200
4054547636802171648 263.94141818  -32.93937968   0.8231   0.6587   2.2001   0.7999  -1.4177   0.6428  20.0641  21.6617  18.3752  13.7770  11.9670  11.2080  0.9648  0.5199  0.9793  0.5092 0  0.4697  1.3439   7.1487
4054548397023042304 264.00350243  -32.93218981   0.9074   0.0454   2.3814   0.0512  -1.8634   0.0382  15.6607  16.3666  14.8020  13.6780  12.8710  12.1190  1.0000  0.8471  0.9793  0.8295 1  0.2141  1.6008   6.5996
4054550389875364352 264.19698865  -32.93756138   0.7716   0.3834   2.5505   0.4161  -2.0249   0.3038  19.4800  20.7854  18.4586      ...      ...      ...  0.9248  0.5497  0.9793  0.5383 0  0.4697  1.3439   7.1487
4054552309719749504 264.18219031  -32.83583429   0.8653   0.0446   2.5941   0.0512  -1.8292   0.0367  15.8112  16.6186  14.9215  13.6230  13.0090  12.9690  1.0000  1.0000  0.9793  0.9793 1  0.0593  1.7741   7.0334
4054553615392972800 264.25595827  -32.81837907   0.7951   0.0267   2.5710   0.0272  -1.5853   0.0204  13.0438  13.2766  12.6498  12.0620  11.8670  11.8540  1.0000  0.9661  0.9793  0.9462 1  0.0000  2.0232   6.6585
4054554787934378496 264.10721087  -32.84937489   0.9381   0.0936   2.6359   0.1101  -1.5703   0.0799  17.2850  18.3403  16.2118  14.7490  14.5760  13.9120  1.0000  0.9171  0.9897  0.9076 1  0.1163  1.4810   7.3564
4054556123650823680 264.03521147  -32.80251030   0.8137   0.1027   2.5825   0.1181  -2.0180   0.0868  17.4837  18.8440  16.3304  14.3060  12.5070  12.0110  0.9971  0.5643  0.9793  0.5526 0  0.4697  1.3439   7.1487
4054558567493330944 264.21277296  -32.68354853   0.8060   0.7033   2.7139   1.0177  -1.9452   0.6756  20.2955  21.3303  19.0587      ...      ...      ...  0.8364  0.6575  0.9793  0.6439 1  0.1912  1.9959   6.5686
4054559082901825536 263.84372306  -32.96210671   0.9633   0.0747   2.8075   0.0848  -1.8340   0.0612  16.7118  17.8640  15.6425      ...      ...      ...  1.0000  0.6497  0.9793  0.6362 1  0.7553  1.3930   7.1435
4054561243251813120 263.85378120  -32.80856345   1.0025   0.1397   2.4092   0.1782  -1.3219   0.1317  17.8106  18.9278  16.7323  15.0440  13.7940  12.9580  0.8242  0.5295  0.9793  0.5186 0  0.4697  1.3439   7.1487
4054562720722827392 263.85880653  -32.79884205   0.9337   0.4960   2.5583   0.6430  -1.3830   0.4707  19.4458  21.7942  18.1130      ...      ...      ...  0.5669  0.6032  0.9793  0.5907 0  0.6674  1.4999   6.7560
4054564507427102208 263.79573946  -32.76703252   0.9476   0.0605   2.6333   0.0638  -1.8837   0.0442  16.1190  17.0497  15.1595  13.7400  12.9990  12.7460  1.0000  0.8598  0.9793  0.8420 1  0.8625  1.4500   6.5935
4054565473813503488 263.72256968  -32.74881354   0.8573   0.0412   2.5275   0.0470  -1.8922   0.0346  15.5973  16.3396  14.7471  13.5450  12.8850  12.6780  1.0000  0.8405  0.9793  0.8231 1  0.3457  1.8155   6.5887
4054565572579111296 263.76879793  -32.72822400   0.8316   0.1653   2.7309   0.1555  -1.6209   0.1176  17.9464  19.1671  16.8589  15.3220  14.4140  14.2600  0.8750  0.8971  0.9793  0.8785 1  0.6793  1.9127   7.2067
4054565576892701312 263.77393489  -32.72871574   0.8170   0.0600   2.5448   0.0608  -1.8164   0.0458  16.3432  17.2035  15.4154  14.0820  13.2670  12.1480  1.0000  1.0000  0.9793  0.9793 1  0.0950  1.9662   6.7044
4054565851770494464 263.88638787  -32.74940643   0.8370   0.1322   2.7573   0.1605  -1.9336   0.1245  17.7425  19.3099  16.5491  14.8550  13.1210  12.4450  0.9854  0.6197  0.9793  0.6069 1  0.8185  1.8906   6.9512
4054565886130248576 263.85944829  -32.75652272   0.8557   0.0553   2.6872   0.0650  -1.8621   0.0491  16.3392  17.2196  15.3795  13.9910  13.3770  13.0900  1.0000  0.8569  0.9793  0.8392 1  0.2655  1.8193   7.0278
4054565984895892096 263.83215597  -32.75528252   0.9480   0.1235   2.7470   0.1355  -1.4735   0.1032  17.4501  18.9842  16.2496      ...      ...      ...  0.9995  0.6524  0.9793  0.6389 1  0.9039  1.4484   6.8415
4054567221846666624 263.81031755  -32.68174801   0.9175   0.1188   2.6724   0.1205  -1.8380   0.0930  17.4452  18.8312  16.2951  14.6040  13.9190  13.1650  0.9678  0.8747  1.0000  0.8747 1  0.6802  1.5636   6.6979
4054567805963940352 263.83542859  -32.63625908   0.8973   0.1682   2.6245   0.1918  -1.5996   0.1407  18.2163  19.9828  16.9596  14.9720  14.0540  13.7130  0.7773  0.9401  0.9897  0.9304 1  0.9763  1.6496   6.7798
4054568497464652672 264.06113534  -32.73397905   0.7805   0.8383   2.3527   1.6596  -1.9222   1.0554  20.4249  21.9482  19.5123      ...      ...      ...  0.8687  0.6479  0.9793  0.6345 1  0.5054  2.0733   6.6741
4054569287744312192 263.96175257  -32.70699736   0.9182   0.0807   2.4633   0.0989  -1.6711   0.0727  17.1656  18.3404  16.1051  14.2230  12.8680  11.5000  1.0000  0.8966  0.9793  0.8780 1  0.7703  1.5586   6.5674
4054573651425669888 263.87096439  -32.62238749   0.9383   0.9806   2.3788   0.9793  -1.3534   0.6711  20.4178  21.3250  19.3206      ...      ...      ...  0.9873  0.5242  0.9793  0.5133 0  0.0578  1.4848   6.8417
4054573891935068032 263.88904304  -32.58465073   0.7744   0.3988   2.8838   0.4663  -1.6786   0.3295  19.2372  20.4650  18.1271      ...      ...      ...  0.6519  0.5684  0.9793  0.5567 0  0.6036  2.0955   6.3603
4054574368675341696 263.94642296  -32.54377520   0.8511   0.1649   2.7523   0.1880  -1.6115   0.1367  18.2077  19.4716  17.0683  15.1940  12.3350  11.2840  0.9780  0.7985  0.9793  0.7820 1  0.3190  1.8385   6.6721
4054576636418774400 264.02253478  -32.44515665   0.9502   0.2455   2.2738   0.2771  -1.7683   0.1998  18.9601  20.2711  17.8680      ...      ...      ...  0.6851  0.7002  0.9793  0.6857 1  0.5781  1.4404   6.6664
4054577980749981824 263.29775706  -33.06348948   0.8798   0.0830   2.5287   0.0945  -1.8452   0.0664  17.1736  18.2000  16.1331      ...      ...      ...  0.9990  0.9258  0.9862  0.9130 1  0.6506  1.7305   6.9509
4054580866977646976 263.37165861  -32.93200057   0.7916   0.0203   2.5559   0.0238  -1.4124   0.0177  12.7776  13.1845  12.1849  11.4410  11.1550  11.0260  1.0000  0.6604  0.9793  0.6468 1  0.0000  2.0497   6.7513
4054581549858923136 263.22171816  -33.00093387   0.9572   0.2510   2.4932   0.2901  -1.5481   0.2052  18.5074  20.5562  17.1687  14.4160  13.3310  12.9650  0.9902  0.8838  0.9793  0.8655 1  0.9214  1.4213   6.2353
4054582477571161856 263.17272277  -32.97287548   0.9880   0.2040   2.5594   0.3063  -1.7161   0.2004  18.5557  20.2431  17.2831  15.1930  11.9940  11.0120  0.8623  0.9831  1.0000  0.9831 1  0.6089  1.3242   6.6250
4054582889886408064 263.26599238  -32.93889333   0.8994   0.0193   2.6583   0.0240  -1.7943   0.0173  13.8902  14.3623  13.2417  12.3460  12.0850  12.0060  1.0000  0.9831  1.0000  0.9831 1  0.0009  1.6439   6.6066
4054582962921717760 263.25559352  -32.91414997   0.8943   0.0180   2.6956   0.0222  -1.9675   0.0153  13.5282  13.8146  13.0734  12.4290  12.2750  12.2260  1.0000  0.6371  0.9793  0.6239 1  0.0000  1.6657   6.4032
4054583375229194240 263.32162015  -32.93746902   0.8787   0.7074   2.5456   0.6845  -1.8889   0.4544  19.9761  21.5075  18.6244      ...      ...      ...  0.8691  0.8530  0.9793  0.8354 1  0.4894  1.7350   6.6232
4054584504801855232 263.29152533  -32.89942264   0.9977   0.0540   2.6530   0.0635  -1.7845   0.0442  16.1718  16.8890  15.2510      ...      ...      ...  1.0000  0.9906  0.9862  0.9770 1  0.2950  1.2945   7.3235
4054585093210326272 263.35226356  -32.84012408   0.8796   0.3672   2.3963   0.4381  -1.5758   0.2769  19.0479  20.7984  17.8209      ...      ...      ...  0.7959  0.8418  0.9793  0.8244 1  0.8266  1.7314   6.6733
4054585329435607296 263.32679281  -32.82984383   0.7825   1.4892   2.8662   2.0152  -1.8258   1.2232  20.5801  21.0970  19.0104  15.1620  13.8930  12.1820  0.6460  0.5541  0.9793  0.5427 0  0.4697  1.3439   7.1487
4054585471182266112 263.49929020  -32.96975319   0.9721   0.0534   2.1095   0.0543  -1.6091   0.0414  16.1657  16.8149  15.3688  14.2040  13.6880  13.5830  1.0000  0.5804  0.9793  0.5684 0  0.0268  1.3660   7.0200
4054585780404446208 263.47804805  -32.93030589   0.9214   0.0258   2.6555   0.0283  -1.8387   0.0203  14.5658  15.1112  13.8167  12.8730  12.5070  12.4660  1.0000  0.9240  1.0000  0.9240 1  0.0211  1.5495   6.6286
4054586703835624576 263.48226599  -32.89911203   0.9300   0.2209   2.4564   0.2583  -1.8338   0.1841  18.6293  19.6866  17.6229      ...      ...      ...  0.9829  0.9535  1.0000  0.9535 1  0.4807  1.5169   6.6031
4054587773284762880 263.58576022  -32.84705346   0.9283   0.0585   2.4598   0.0516  -1.9697   0.0401  15.9321  16.8360  14.9928  13.5710  12.8870  12.6520  1.0000  0.6723  0.9793  0.6584 1  0.7605  1.5228   6.6377
4054588494839284480 263.60506477  -32.80530262   0.9065   0.0208   2.7367   0.0193  -1.5953   0.0148  13.4798  13.7474  13.0491  12.5400  12.0330  12.0800  1.0000  0.8313  0.9793  0.8141 1  0.0000  1.6122   6.2148
4054589628710687232 263.57806782  -32.74894701   0.9446   0.0966   2.6874   0.1031  -1.6857   0.0762  17.1078  18.3808  15.9797  14.2080  13.4090  13.0800  1.0000  0.9805  0.9793  0.9602 1  0.7195  1.4633   6.7673
4054591239305361024 263.34480166  -32.80766573   1.0004   0.4385   2.2741   0.6283  -1.7866   0.4000  19.4034  20.8230  18.1800  15.8980  15.0720  14.4640  0.9863  0.7182  0.9793  0.7033 1  0.7637  1.2865   6.8968
4054593202123515648 263.46653824  -32.72360513   0.8959   0.0263   2.4257   0.0259  -1.8335   0.0186  13.8732  14.4205  13.1574  12.1400  11.2600  10.5610  1.0000  0.9673  0.9966  0.9639 1  0.2945  1.6580   6.4782
4054593545720908928 263.43309375  -32.69932362   0.8537   0.0371   2.5925   0.0363  -1.5241   0.0231  14.5596  15.0201  13.8401      ...      ...      ...  1.0000  0.8487  0.9793  0.8312 1  0.2458  1.8351   6.9372
4054593683159865344 263.45192006  -32.66886664   0.8080   0.2870   2.7437   0.3131  -1.8515   0.2180  18.6552  20.2418  17.4427  15.4250  14.8210  14.8290  0.9893  0.7893  0.9793  0.7729 1  0.4013  2.0056   7.2719
4054594091162135936 263.47905129  -32.64856945   0.9648   0.0907   2.5064   0.1137  -1.6201   0.0739  16.9825  18.1162  15.9449  14.2390  13.5140  13.3060  0.9995  0.9447  0.9793  0.9252 1  0.4553  1.3929   6.9995
4054594232900858240 263.49993074  -32.63683813   0.9418   0.3205   1.9818   0.3926  -1.5735   0.2486  18.8223  20.3651  17.5882  15.6670  13.7850  13.0380  0.9590  0.5193  0.9828  0.5104 0  0.4697  1.3439   7.1487
4054594335994752256 263.14053947  -32.95427829   0.9343   0.0251   2.4563   0.0326  -1.5465   0.0215  14.6051  15.2256  13.8297  12.7830  12.3760  12.3050  1.0000  0.8966  0.9793  0.8781 1  0.0240  1.5049   7.0128
4054597909407966848 263.16373116  -32.79955490   0.9429   0.0580   2.1895   0.0748  -1.5667   0.0474  16.4841  17.3192  15.5591  14.2190  13.5950  14.1620  1.0000  0.6062  0.9793  0.5937 0  0.0757  1.4744   7.4719
4054598317409686912 263.23475286  -32.75159311   0.9438   0.1334   2.3032   0.1523  -1.9765   0.1002  17.8132  18.5875  16.7926      ...      ...      ...  0.9839  0.5469  0.9793  0.5355 0  0.4156  1.4707   7.1386
4054598321724567040 263.23476918  -32.75452463   0.8943   0.0232   2.5052   0.0270  -1.7753   0.0183  14.2783  14.8317  13.5384  12.5180  12.0030  11.8460  1.0000  1.0000  0.9897  0.9897 1  0.1839  1.6662   6.1509
4054599897958732416 263.03159759  -32.80646431   0.9211   0.1641   2.4338   0.2455  -1.4680   0.1534  18.2790  19.6548  17.0331      ...      ...      ...  0.9336  0.7080  0.9793  0.6933 1  0.8740  1.5570   6.6452
4054601311013302784 263.14899269  -32.72798647   0.9084   0.0728   2.5233   0.0887  -1.5334   0.0602  16.4368  17.0828  15.4571      ...      ...      ...  0.8560  0.8507  0.9897  0.8419 1  0.2028  1.6070   7.1260
4054601311022093952 263.14981046  -32.72794118   0.8922   0.0376   2.1330   0.0440  -1.8264   0.0303  15.5516  16.2856  14.6849      ...      ...      ...  1.0000  0.5390  0.9793  0.5279 0  0.4697  1.3439   7.1487
4054601993902864128 263.10893342  -32.72803678   0.8981   0.2599   2.0998   0.3466  -1.7039   0.2172  18.7447  20.0197  17.7329      ...      ...      ...  0.5571  0.5825  0.9793  0.5705 0  0.5782  1.6507   6.5240
4054603475670532608 263.31381902  -32.74110956   0.8893   0.4704   2.7775   0.6535  -1.6559   0.4008  19.3217  20.8270  18.0794      ...      ...      ...  0.5933  0.7868  0.9793  0.7705 1  0.6373  1.6874   6.4785
4054604128520346368 263.35834544  -32.67250078   0.9212   0.1219   2.6185   0.1340  -1.6065   0.0855  17.2163  18.6288  16.0624  14.1690  13.2980  12.6020  0.9785  0.9464  0.9862  0.9334 1  0.9295  1.5546   6.6538
4054606293183869952 263.44149439  -32.58870847   0.9547   0.0858   2.6106   0.1043  -1.7412   0.0744  16.8928  17.8028  15.6403      ...      ...      ...  1.0000  1.0000  0.9897  0.9897 1  0.6674  1.4298   7.2269
4054606464982566400 263.36651382  -32.63339784   0.8691   0.0930   2.4185   0.0837  -1.5706   0.0628  16.7334  17.7267  15.6032  13.8130  13.1270  12.8380  0.9980  0.8338  0.9793  0.8165 1  0.6113  1.7744   6.6848
4054607358335773824 263.41810368  -32.55298385   0.9791   0.0268   2.3319   0.0307  -1.7785   0.0218  14.5899  15.3129  13.7505  12.5600  11.8880  11.5930  1.0000  0.8206  0.9793  0.8037 1  0.4115  1.3490   7.0321
4054609415622769664 263.22337651  -32.57944095   0.9185   0.0291   2.4816   0.0322  -1.6369   0.0222  14.6772  15.3149  13.8891      ...      ...      ...  1.0000  0.9175  0.9793  0.8986 1  0.2622  1.5677   7.0261
4054609449965303040 263.19457359  -32.57491798   0.8768   0.1085   2.3730   0.1340  -1.8488   0.0910  17.5849  18.8970  16.4693  14.6830  12.8360  12.1760  0.9824  0.8652  0.9793  0.8473 1  0.4493  1.7439   6.8802
4054609866596686336 263.33657209  -32.57381360   0.8939   0.0212   2.3945   0.0200  -1.6419   0.0152  13.6179  14.0158  12.9878  11.5120  10.5570   9.6900  1.0000  0.8197  0.9828  0.8056 1  0.3877  1.6678   6.4632
4054610274599056640 263.35855514  -32.55628934   0.8644   0.1841   2.9079   0.2058  -1.5618   0.1297  18.0167  19.0408  16.9280  15.1590  14.1510  13.5780  0.9062  0.5378  0.9793  0.5267 0  0.4697  1.3439   7.1487
4054611481504424320 263.35552865  -32.48160268   0.9768   0.0427   2.1960   0.0473  -1.6384   0.0301  15.4945  16.3017  14.6057  13.3450  12.6220  12.3670  1.0000  0.6542  0.9793  0.6406 1  0.8530  1.3582   6.9599
4054611825101829888 263.32153819  -32.46281590   0.8225   0.0647   2.1360   0.0745  -1.5920   0.0536  16.4861  17.4609  15.5373      ...      ...      ...  1.0000  0.5831  0.9793  0.5711 0  0.6022  1.9536   7.0674
4054612374858161536 263.67507486  -32.71773698   0.9659   0.1140   2.6836   0.1169  -2.0188   0.0905  16.9146  18.2426  15.7593  13.9980  13.0730  12.8440  0.6230  0.5614  0.9793  0.5498 0  0.4697  1.3439   7.1487
4054612958973723264 263.62873163  -32.74441367   0.9150   0.1071   2.5477   0.1042  -1.9503   0.0812  17.2285  18.4453  16.1329  14.4370  13.7150  12.8760  1.0000  0.7273  0.9793  0.7123 1  0.6901  1.5748   6.6034
4054613233851665280 263.59953031  -32.72221516   0.8906   0.0491   2.5241   0.0488  -1.8340   0.0384  15.7370  16.6476  14.7950  13.4160  12.6770  12.5380  1.0000  1.0000  0.9862  0.9862 1  0.5619  1.6805   6.5463
4054613440010107520 263.61807187  -32.68990613   0.9286   0.0662   2.3583   0.0717  -1.9252   0.0542  16.5865  17.5411  15.6056  14.0990  13.2540  13.2200  1.0000  0.6603  0.9793  0.6466 1  0.7626  1.5230   6.5522
4054613955406179840 263.68168910  -32.64615038   0.9102   0.0460   2.6624   0.0489  -1.7645   0.0366  15.8230  16.7910  14.8375  13.3190  12.6040  12.3860  1.0000  0.9608  0.9966  0.9575 1  0.4944  1.5967   6.4618
4054613989750175744 263.66818752  -32.64134413   0.8790   0.2265   2.2424   0.2617  -1.7750   0.2075  18.5953  20.1066  17.1868      ...      ...      ...  0.8521  0.6593  0.9793  0.6456 1  0.9402  1.7316   6.5521
4054614127190602368 263.74829605  -32.68772199   0.7881   0.7006   2.6664   0.8488  -1.5976   0.6472  20.1811  21.7725  19.0949      ...      ...      ...  0.9790  0.9425  1.0000  0.9425 1  0.5883  2.0602   6.5945
4054614333363568256 263.73842750  -32.67248792   0.9608   0.1109   2.6401   0.1279  -1.9443   0.0961   9.9406  10.0068   9.7802   9.6480   9.5590   9.5090  0.9229  0.7229  0.9793  0.7079 1  0.0000  1.4047   6.8184
4054614500846742272 263.77013106  -32.64210985   0.9742   0.1219   2.7011   0.1159  -1.7236   0.0912  17.1712  18.2727  16.0894  14.4320  13.7320  13.0740  0.9951  0.9609  0.9793  0.9410 1  0.4775  1.3560   6.9244
4054614500846748160 263.77813128  -32.63844779   0.8874   0.0885   2.3852   0.0990  -1.6016   0.0742  17.1203  18.1955  16.0642  14.4370  13.7540  12.8890  1.0000  0.8188  0.9828  0.8047 1  0.4443  1.6951   6.7488
4054614569580783232 263.75627100  -32.63459604   0.9060   0.1919   2.3159   0.2160  -1.7840   0.1654  18.1374  19.8546  16.8640  14.8540  14.1210  13.3460  0.6675  0.8197  0.9793  0.8028 1  0.9364  1.6145   6.5921
4054614981881111168 263.77307137  -32.60843818   0.8683   0.0160   2.5531   0.0171  -1.7927   0.0131  12.3028  12.5038  11.9628  11.4980  11.3810  11.3370  1.0000  1.0000  0.9793  0.9793 1  0.0000  1.7720   6.5963
4054615157996996352 263.71878931  -32.65038646   0.8161   0.0728   2.4078   0.0781  -1.8105   0.0592  16.6070  17.5543  15.6384  14.2400  13.5580  13.3120  1.0000  0.9691  0.9793  0.9490 1  0.3924  1.9725   7.1119
4054615188042470784 263.72662102  -32.64183687   0.8493   0.2929   2.7399   0.3053  -1.6192   0.2398  18.8422  20.4109  17.6233  15.5500  13.6400  13.2470  0.9067  0.8319  0.9793  0.8146 1  0.8032  1.8481   7.2096
4054615226716489344 263.70721286  -32.63834134   0.8809   0.0528   2.5515   0.0561  -1.6960   0.0419  16.1010  17.0173  15.1559  13.7520  13.0420  12.7220  1.0000  0.9850  0.9966  0.9816 1  0.6568  1.7233   6.6843
4054615398515184896 263.73898825  -32.60886486   0.9602   0.1355   2.3969   0.1363  -1.3997   0.1027  17.5199  18.6538  16.3619      ...      ...      ...  0.9814  0.5940  0.9793  0.5817 0  0.8032  1.4069   7.1048
4054615432859184640 263.69265401  -32.62316206   1.0026   0.3166   2.4597   0.3503  -1.8761   0.2550  18.8603  20.5210  17.6419      ...      ...      ...  0.8374  0.8921  0.9793  0.8736 1  0.8588  1.2747   6.7825
4054615432875205120 263.69619938  -32.63510581   0.9000   0.0596   2.5319   0.0664  -1.6529   0.0492  16.3667  17.3492  15.3418  13.6420  11.6980  10.1130  1.0000  0.9630  0.9793  0.9430 1  0.1880  1.6395   6.3409
4054615467234669440 263.70684241  -32.62467862   0.8932   0.1309   2.4030   0.1241  -1.7387   0.0980  17.5179  18.4993  16.4288  14.7380  11.2590   9.5260  0.9985  0.9455  0.9793  0.9259 1  0.1635  1.6684   6.5686
4054615501578690304 263.67872451  -32.62466941   0.8407   0.6081   2.3455   0.7188  -1.8648   0.5290  19.9456  21.5468  18.7298      ...      ...      ...  0.9658  0.7843  0.9793  0.7681 1  0.5939  1.8821   6.6015
4054615600358450816 263.72146339  -32.59657409   0.9831   0.1016   2.5413   0.1069  -1.7070   0.0866  17.0784  18.1625  16.0689  14.4420  13.6630  12.0970  1.0000  1.0000  1.0000  1.0000 1  0.4461  1.3291   6.5238
4054615639033381504 263.69582314  -32.59913343   0.9937   0.0525   2.5105   0.0584  -1.6598   0.0456  15.8653  16.7948  14.8839  13.5030  12.6290  12.5010  1.0000  0.8947  0.9793  0.8762 1  0.9241  1.2987   6.9000
4054615673393118080 263.71292230  -32.58817711   0.9095   0.0285   2.7529   0.0294  -1.7688   0.0237  14.4352  15.1234  13.6184  12.4050  11.8850  11.7030  1.0000  0.8348  0.9793  0.8175 1  0.1269  1.6003   7.0834
4054615772157140480 263.75535033  -32.59757791   0.8537   0.1418   2.7153   0.1544  -1.7718   0.1194  17.8374  19.1669  16.6576      ...      ...      ...  0.9609  0.8901  0.9793  0.8717 1  0.8537  1.8309   6.6351
4054615772157148160 263.74779178  -32.59281622   0.8284   0.1990   2.7728   0.2296  -1.6923   0.1765  18.2814  19.9193  17.1004  15.2680  15.2270  14.4020  0.9668  0.8077  0.9793  0.7910 1  0.8859  1.9262   7.0860
4054615776474578688 263.74848076  -32.60137305   0.9083   0.0391   2.5061   0.0375  -1.9212   0.0302  11.2044  11.2927  11.0156  10.7810  10.7550  10.7510  1.0000  0.7443  0.9793  0.7289 1  0.0000  1.6053   6.6240
4054616016990492672 263.75273659  -32.57218457   0.9226   0.0380   2.4961   0.0383  -2.0583   0.0299  14.6494  15.2452  13.8785  12.9040  12.3200  12.2160  1.0000  0.5152  0.9793  0.5046 0  0.4697  1.3439   7.1487
4054616047044969344 263.72354926  -32.57799807   0.8188   0.1597   2.2717   0.1697  -1.7926   0.1292  17.8968  19.3108  16.7741  15.0540  13.7980  13.2420  0.8691  0.6959  0.9793  0.6815 1  0.9518  1.9638   6.8941
4054616051334526720 263.72261703  -32.58105820   0.9537   0.1912   2.4236   0.2091  -1.9178   0.1607  18.2271  19.5421  17.1336  15.5090  14.9330  14.7120  0.9214  0.7762  0.9793  0.7601 1  0.1861  1.4306   6.8430
4054616051350246144 263.71705156  -32.57514805   0.9602   0.1241   2.6994   0.1279  -1.4694   0.0983  17.4933  18.7090  16.3846  14.6550  13.8170  13.2170  1.0000  0.6573  0.9793  0.6437 1  0.7816  1.4070   6.8057
4054616120069712128 263.75338382  -32.56467583   0.8956   0.0623   2.5532   0.0641  -1.6442   0.0500  16.3334  17.1536  15.4381  14.1420  13.4780  12.8960  1.0000  1.0000  0.9793  0.9793 1  0.1166  1.6579   6.3174
4054616223148936192 263.76284917  -32.54177048   0.7883   0.1057   2.3716   0.1218  -1.8440   0.0903  17.4883  18.5842  16.4206  14.7710  13.9830  13.8350  0.9980  0.8793  0.9793  0.8611 1  0.3620  2.0618   7.1385
4054616356272550656 263.58038670  -32.67259035   0.9888   0.0281   2.6013   0.0330  -1.4870   0.0231  14.4821  15.1358  13.6896  12.5470  12.0010  11.8450  1.0000  0.7953  0.9793  0.7789 1  0.2903  1.3148   7.0535
4054616463651438336 263.59331871  -32.65804074   0.8525   0.3453   2.6194   0.3939  -1.6974   0.2900  19.0700  20.8708  17.7475      ...      ...      ...  0.8677  1.0000  0.9862  0.9862 1  0.8750  1.8377   6.7044
4054616566746332928 263.57353174  -32.67198156   0.9430   0.0333   2.5546   0.0404  -1.7418   0.0281  14.8832  15.5307  14.0856  13.0030  12.4340  12.4200  1.0000  1.0000  1.0000  1.0000 1  0.0511  1.4701   7.1443
4054616566746578048 263.56930419  -32.66527874   0.8682   0.0547   2.5070   0.0654  -1.7557   0.0451  15.9683  17.0048  14.9546  13.4390  12.6630  12.4100  1.0000  1.0000  1.0000  1.0000 1  0.6047  1.7752   6.5969
4054616699869989888 263.59810912  -32.64531599   0.9924   0.1784   2.4662   0.2078  -1.7589   0.1513  18.1009  19.6297  16.8832  14.9500  14.2530  13.8230  0.8726  1.0000  1.0000  1.0000 1  0.8244  1.3041   6.8475
4054616979063184640 263.65567505  -32.62019413   0.8066   0.0893   2.4834   0.1100  -1.7801   0.0789  17.0411  18.1895  15.9369  14.0060  13.1600  12.8040  1.0000  1.0000  0.9862  0.9862 1  0.7812  2.0086   6.7798
4054617116502154368 263.62123330  -32.62367223   0.8796   0.1824   2.7400   0.2131  -1.5812   0.1758  18.3243  19.3578  17.1608  15.6020  13.0420  11.2140  0.9009  0.8271  0.9793  0.8100 1  0.1270  1.7295   6.5693
4054617116502160512 263.61704845  -32.62077695   0.8276   0.1466   2.7706   0.1688  -1.8680   0.1230  17.7396  19.0725  16.5994  14.8330  13.8790  13.1780  0.8438  0.7315  0.9793  0.7164 1  0.9680  1.9306   6.2909
4054617219581378304 263.62365134  -32.61297514   0.9027   0.1029   2.3028   0.1369  -1.9174   0.0967  17.2984  18.6775  16.1861  14.5160  13.7180  13.5250  0.9985  0.6266  0.9793  0.6136 1  0.8432  1.6292   7.1092
4054617219581384704 263.62555990  -32.60173055   0.9303   0.0339   2.6581   0.0388  -1.7116   0.0292  14.8824  15.6143  14.0276  12.7190  12.0770  11.8820  1.0000  0.9768  0.9931  0.9701 1  0.6197  1.5171   6.8456
4054617253941120640 263.64133258  -32.59287862   0.9137   0.1227   2.4873   0.1297  -1.5266   0.0932  17.5618  18.6638  16.5068  14.2720  13.3890  12.9560  0.9976  0.8400  0.9793  0.8226 1  0.8278  1.5825   6.7141
4054617283987213696 263.61058075  -32.59368736   0.9842   0.2096   2.7084   0.2575  -1.8823   0.1884  18.3773  20.0123  17.1103  15.0750  14.2770  14.0240  0.7241  0.8102  0.9793  0.7934 1  0.9705  1.3281   6.8899
4054617288300873344 263.61007543  -32.59509543   0.9568   0.0766   2.6495   0.0932  -1.7604   0.0676  16.7697  17.7727  15.7519  14.2200  13.4130  13.4060  1.0000  0.9831  1.0000  0.9831 1  0.4828  1.4202   6.9725
4054617558864433280 263.55816784  -32.62215226   0.8045   0.2315   2.4502   0.2793  -1.8238   0.2125  18.5658  20.2506  17.3219  15.3000  14.4300  13.9730  0.9980  0.9919  1.0000  0.9919 1  0.9773  2.0163   6.9206
4054617765022867968 263.54395666  -32.61416810   0.8878   0.2787   2.3535   0.3316  -1.6947   0.2457  18.7797  20.2175  17.5991  15.5870  14.8000  13.6010  0.9893  0.7917  0.9793  0.7753 1  0.9191  1.6941   6.9726
4054617769337227520 263.54635692  -32.60562994   0.9112   0.2436   2.3104   0.2776  -1.5138   0.2024  18.4717  19.8208  16.9001      ...      ...      ...  0.8779  0.6603  0.9793  0.6466 1  0.9380  1.5940   6.3654
4054617803696964608 263.56031843  -32.59831418   0.9127   0.0185   2.5986   0.0214  -1.7526   0.0157  12.0495  12.1996  11.7691  11.3950  11.2950  11.2810  1.0000  1.0000  0.9828  0.9828 1  0.0000  1.5874   6.6830
4054617975495655552 263.56390906  -32.59593077   0.8779   0.0400   2.2366   0.0474  -1.7707   0.0336  15.4336  16.1713  14.5795      ...      ...      ...  1.0000  0.6535  0.9793  0.6400 1  0.3205  1.7372   7.1549
4054618044215119360 263.60707420  -32.59313131   0.8909   0.1233   2.5430   0.1554  -1.6811   0.1106  17.5779  18.8365  16.4640  14.8280  13.9440  13.8040  0.9810  0.9487  0.9966  0.9455 1  0.8576  1.6795   6.9706
4054618074259644928 263.61201206  -32.57243055   0.9496   0.0632   2.3544   0.0755  -1.7099   0.0540  16.3711  17.5315  15.2834  13.5460  12.7050  12.3980  1.0000  0.8242  0.9793  0.8072 1  0.7918  1.4465   6.7562
4054618074261212416 263.61336657  -32.56802673   0.8763   0.3703   2.3420   0.4867  -1.8984   0.3331  19.2418  20.7967  18.0110  15.8950  14.5500  13.4550  0.9058  0.6965  0.9793  0.6821 1  0.9914  1.7436   6.7866
4054618078575072384 263.61763877  -32.57520627   0.7997   0.1384   2.3699   0.1700  -1.6028   0.1234  17.7650  18.9287  16.6005  14.6620  13.7540  13.3860  0.9854  0.7732  0.9828  0.7598 1  0.8721  2.0307   6.5934
4054618142979133568 263.60991183  -32.56509797   0.9388   0.1025   2.4978   0.1214  -1.7748   0.0890  17.3242  18.5317  16.2322  14.4040  12.7790  11.6530  1.0000  1.0000  0.9931  0.9931 1  0.6910  1.4867   6.4693
4054618177338839936 263.56976634  -32.58589327   0.8370   0.1241   2.3820   0.1535  -1.9706   0.1085  17.6670  19.2277  16.4776      ...      ...      ...  0.9849  0.6088  0.9793  0.5962 0  0.8785  1.8964   6.9123
4054618314775730048 263.59028892  -32.56512742   0.8885   0.0241   2.6242   0.0295  -1.8758   0.0202  12.7532  12.9002  12.3597      ...      ...      ...  1.0000  0.9094  0.9793  0.8905 1  0.0018  1.6906   6.6712
4054618314787582336 263.57645789  -32.56675911   0.9989   0.2611   2.1385   0.3136  -1.5294   0.2287  18.6297  20.1151  17.2770  14.8160  11.3460  10.7400  0.6606  0.5815  0.9793  0.5695 0  0.7240  1.2875   6.5082
4054618353452782976 263.59175794  -32.56079737   0.8905   0.0294   2.6963   0.0319  -1.7963   0.0230   8.9612   9.0011   8.8235   8.7090   8.6930   8.7000  1.0000  0.9225  0.9828  0.9066 1  0.0000  1.6810   6.8120
4054618452225724032 263.66954763  -32.60111967   0.9887   0.7022   2.2997   0.8115  -1.9083   0.4817  19.7787  21.4278  18.2286      ...      ...      ...  0.9429  0.6524  0.9793  0.6389 1  0.5547  1.3136   6.4562
4054618486576727552 263.68019490  -32.59443240   0.9303   0.0900   2.3028   0.1162  -1.9900   0.0884  17.0686  18.2379  16.0147  14.2970  13.4570  13.2070  1.0000  0.5629  0.9793  0.5513 0  0.8460  1.5167   6.9418
4054618490891667072 263.68173554  -32.60739546   0.9710   0.0714   2.7937   0.0737  -1.7957   0.0566  16.6131  17.5381  15.6324      ...      ...      ...  1.0000  0.7191  0.9793  0.7042 1  0.5929  1.3687   7.1071
4054618520934162944 263.65773967  -32.60517249   0.9057   0.0164   2.7117   0.0185  -1.6580   0.0132  12.4460  12.8056  11.9052  11.0050  10.4330   9.7530  1.0000  0.9268  0.9793  0.9076 1  0.0000  1.6164   6.6868
4054618525235745280 263.66927288  -32.59585497   0.9036   0.3066   2.0891   0.3610  -1.7422   0.2449  18.7444  20.4892  17.4419      ...      ...      ...  0.6362  0.5866  0.9793  0.5745 0  0.9142  1.6253   6.6948
4054618555305813888 263.66341395  -32.58540779   0.9561   0.0549   2.6047   0.0838  -1.7163   0.0551  15.4550  16.4670  14.4334  12.9110  12.0950  11.9510  1.0000  1.0000  0.9793  0.9793 1  0.7319  1.4226   7.2684
4054618555305818496 263.66981948  -32.58277412   0.9287   0.0769   2.6000   0.1000  -1.9463   0.0666  16.1368  16.6553  15.0126      ...      ...      ...  0.9297  0.7175  0.9793  0.7027 1  0.1662  1.5233   7.1723
4054618555305826176 263.67813136  -32.59140579   0.9393   0.0946   2.6834   0.1104  -1.3601   0.0936  17.1049  17.9721  16.1011  14.5900  13.7320  13.4360  1.0000  0.5264  0.9793  0.5155 0  0.4697  1.3439   7.1487
4054618555305826560 263.67824332  -32.58732134   0.9989   0.0455   2.8661   0.0568  -1.6606   0.0470  15.5365  16.3336  14.5990  12.9700  12.0840  11.4030  1.0000  0.6046  0.9793  0.5921 0  0.9346  1.2852   6.8758
4054618559595493376 263.67426516  -32.58825455   0.8835   0.1354   2.3819   0.1576  -1.6441   0.1197  17.7638  18.7448  16.6117  14.7280  14.0950  13.6560  0.9878  0.7973  0.9828  0.7836 1  0.6296  1.7128   6.6794
4054618559611157120 263.68125645  -32.58820658   0.9190   0.0191   2.5179   0.0214  -1.8773   0.0160  10.6911  10.7688  10.5073  10.3080  10.2230  10.1950  1.0000  0.9037  0.9897  0.8943 1  0.0000  1.5603   6.6057
4054618559611168128 263.67143626  -32.58061769   0.8957   0.0201   2.1428   0.0241  -1.4972   0.0168  12.6335  12.8640  12.2218      ...      ...      ...  1.0000  0.5543  0.9793  0.5428 0  0.0088  1.6577   6.6740
4054618559611172480 263.67082560  -32.57758644   0.8637   0.0799   2.4731   0.1065  -1.7298   0.0724  16.6723  17.5986  15.6362  14.4530  13.3800  12.8080  0.9980  0.9700  0.9793  0.9500 1  0.7806  1.7920   6.9709
4054618589653638528 263.68791940  -32.58759688   0.9116   0.0232   2.3274   0.0264  -1.8164   0.0212  12.4546  12.5845  12.1715  11.8120  11.7300  11.6940  1.0000  0.8108  0.9793  0.7941 1  0.0000  1.5912   6.6331
4054618593955204608 263.69597313  -32.58288115   0.8441   0.1206   2.6734   0.1408  -1.5837   0.1090  17.5619  18.9320  16.3655      ...      ...      ...  0.9990  0.9212  0.9793  0.9021 1  0.8569  1.8693   6.8319
4054618628314930688 263.70348394  -32.58323320   0.9562   0.0598   2.7059   0.0651  -1.6330   0.0524  16.3780  17.3130  15.3924  13.7980  12.9300  12.4520  1.0000  0.9569  0.9828  0.9404 1  0.8418  1.4217   6.5647
4054618658375421056 263.68917279  -32.57442208   0.8909   0.0413   2.6153   0.0488  -1.7678   0.0348  15.4648  16.1761  14.6219  13.3520  12.7700  12.5980  1.0000  1.0000  0.9793  0.9793 1  0.5156  1.6791   6.8019
4054618658376187904 263.69046120  -32.57599282   0.8702   0.0596   2.7815   0.0607  -1.5602   0.0433  15.8737  16.6523  14.9502  13.1440  12.8070  12.4240  1.0000  0.7519  0.9793  0.7363 1  0.2104  1.7661   7.0174
4054618662690374016 263.68452539  -32.58316334   0.8940   0.0935   2.3507   0.1028  -1.9633   0.0702  16.7719  17.6617  15.6969  13.4780  12.9960  12.5520  0.9849  0.5742  0.9793  0.5623 0  0.5012  1.6651   7.1597
4054618662690376960 263.68155440  -32.58125462   0.8945   0.0216   2.6701   0.0229  -1.7126   0.0189  10.8160  10.8890  10.6430  10.4540  10.4110  10.4640  1.0000  0.9863  0.9828  0.9693 1  0.0000  1.6630   6.6543
4054618662690383744 263.68617010  -32.56849001   0.8510   0.0495   2.8574   0.0569  -1.7798   0.0428  15.9099  16.8910  14.9116  13.3300  12.6210  12.3120  1.0000  0.5879  0.9793  0.5758 0  0.4697  1.3439   7.1487
4054618662690387840 263.67499441  -32.57413844   0.8755   0.0510   2.4772   0.0583  -1.8343   0.0433  15.9302  16.8004  14.9612  13.3290  12.6980  12.4640  1.0000  1.0000  1.0000  1.0000 1  0.6561  1.7463   6.5848
4054618662690389504 263.67487688  -32.57254624   0.9235   0.0299   2.3530   0.0346  -1.7797   0.0256  14.6384  15.3688  13.7923  12.5200  11.9430  11.7630  1.0000  0.8583  0.9793  0.8406 1  0.2272  1.5432   7.1890
4054618692734960256 263.69145015  -32.55732655   0.9564   0.1656   2.5171   0.2014  -1.5429   0.1530  18.0860  19.6352  16.8076      ...      ...      ...  0.9902  0.8799  0.9862  0.8677 1  0.9411  1.4213   6.9309
4054618697050118400 263.69663218  -32.56509650   0.9933   0.0903   2.5228   0.1076  -1.5955   0.0683  16.7278  17.7496  15.7129  14.1410  13.3090  12.3140  1.0000  0.9202  0.9793  0.9012 1  0.6394  1.3001   6.6703
4054618731409862912 263.64917032  -32.59662840   0.9080   0.0845   2.7434   0.1074  -1.6550   0.0754  16.8787  17.9661  15.7272  14.0210  13.2720  12.9860  0.9995  0.9180  0.9793  0.8990 1  0.8854  1.6075   6.5527
4054618761452328960 263.66497197  -32.56970607   0.9302   0.0197   2.5341   0.0217  -1.4512   0.0154  12.7595  12.9602  12.4145  11.9340  11.9120  11.8490  1.0000  0.7766  0.9793  0.7606 1  0.0000  1.5174   6.5971
4054618761454635264 263.66369941  -32.57502569   0.8495   0.0824   2.4114   0.1020  -1.7364   0.0734  16.6305  17.6550  15.6272  14.1680  13.4190  13.2320  0.9980  0.9721  0.9793  0.9519 1  0.5661  1.8492   7.0954
4054618761456141056 263.65638500  -32.57750684   0.8126   0.1088   2.7150   0.1281  -1.5832   0.0904  17.4232  18.6606  16.3134  14.5510  13.6480  12.0490  0.8901  0.8635  0.9828  0.8486 1  0.5541  1.9883   6.3339
4054618761464242816 263.66205706  -32.57699998   0.9544   0.2275   2.4238   0.2942  -1.3517   0.1893  18.3637  20.0034  17.1990  15.3780  14.4150  13.8170  0.9756  0.5349  0.9793  0.5238 0  0.4697  1.3439   7.1487
4054618765769608704 263.66735515  -32.57267059   0.8763   0.0301   2.7895   0.0317  -1.4838   0.0225  10.7790  10.8737  10.5734  10.3290  10.2430  10.0980  1.0000  0.6134  0.9793  0.6008 1  0.0000  1.7430   6.6318
4054618795814137600 263.64021906  -32.58263955   0.9027   0.0647   2.7638   0.0764  -1.7634   0.0538  16.4238  17.3877  15.4157  13.8000  12.8710  12.5230  1.0000  0.7974  0.9793  0.7809 1  0.7088  1.6291   6.4162
4054618800113745536 263.63528675  -32.57099066   0.9076   0.1141   2.6182   0.1438  -1.8333   0.0984  17.4821  18.5334  16.3077  14.1480  13.2380  11.4640  0.9893  0.9618  0.9793  0.9419 1  0.7336  1.6092   6.6090
4054618800129577216 263.63628496  -32.57031295   0.9049   0.1034   2.6802   0.1427  -1.7861   0.0862  16.9962  18.2891  15.8459      ...      ...      ...  0.9761  0.9805  0.9966  0.9771 1  0.7927  1.6200   6.8797
4054618830173898368 263.64270629  -32.56745571   0.8152   0.1045   2.5552   0.1301  -1.5125   0.0862  17.1835  18.6613  15.9941  14.1690  13.4310  13.1800  0.9985  0.8134  0.9793  0.7965 1  0.3241  1.9791   6.9260
4054618830183713536 263.65179102  -32.56812712   0.9150   0.2890   2.2973   0.3612  -1.5379   0.2260  18.7124  20.0685  17.5304  15.1080  14.0900  12.8980  0.8550  0.6904  0.9793  0.6761 1  0.9247  1.5769   6.5506
4054618834489094400 263.65707725  -32.56804087   0.8605   0.0837   2.5154   0.0999  -1.7031   0.0757  16.8739  17.9979  15.8533      ...      ...      ...  1.0000  0.9612  1.0000  0.9612 1  0.7034  1.8052   7.0693
4054618834489095552 263.65915254  -32.56358270   0.9432   0.0251   2.7922   0.0269  -1.8551   0.0202  11.3518  11.4753  11.1091      ...      ...      ...  1.0000  0.6714  0.9793  0.6575 1  0.0009  1.4696   6.6769
4054618834489096832 263.65277568  -32.56570700   0.7908   0.0926   2.4391   0.1108  -1.6635   0.0772  17.0067  18.1802  15.9693  14.2940  13.5280  13.4590  0.9985  0.9157  0.9793  0.8968 1  0.4814  2.0557   7.2712
4054618834489101184 263.64559846  -32.56312576   0.9472   0.0491   2.6859   0.0560  -1.4947   0.0388  10.2932  10.3639  10.1209   9.9360   9.8670   9.9040  1.0000  0.7231  0.9793  0.7081 1  0.0000  1.4549   6.7720
4054618834491318528 263.64610297  -32.57024885   0.8300   0.4314   2.3625   0.5379  -1.9174   0.3600  19.1598  20.8598  17.8876  15.9130  14.5850  14.0770  0.5747  0.6871  0.9793  0.6729 1  0.9456  1.9217   7.3942
4054618864535356928 263.66605519  -32.56828935   0.8911   0.0217   2.3006   0.0234  -1.6516   0.0167  12.5658  12.7333  12.2626  11.7890  11.6180  11.6200  1.0000  0.7587  0.9793  0.7430 1  0.0000  1.6784   6.5850
4054618864543473408 263.67976972  -32.56713214   0.9107   0.1497   2.2151   0.1802  -1.5784   0.1450  17.9701  19.3069  16.8272  14.7040  13.7420  13.3290  0.9946  0.6115  0.9793  0.5989 0  0.9163  1.5954   6.7564
4054618868848822400 263.68072912  -32.56371272   0.9513   0.1167   2.6224   0.1349  -1.5340   0.1094  17.5668  18.9340  16.3910  14.5040  13.7150  13.0900  0.9995  0.8013  0.9793  0.7847 1  0.7762  1.4398   6.6036
4054618868848825088 263.67550651  -32.56432639   0.9283   0.0301   2.8183   0.0307  -1.6060   0.0235  14.5237  15.1749  13.7274  12.6360  11.8140  11.1980  1.0000  0.6735  0.9793  0.6596 1  0.5909  1.5248   6.4861
4054618898903212544 263.68056440  -32.55941349   0.9490   0.1434   2.2279   0.1651  -1.9323   0.1370  17.8261  18.8477  16.5273  14.6240  13.8460  13.3140  0.9985  0.5853  0.9793  0.5732 0  0.4697  1.3439   7.1487
4054618903208788992 263.68184888  -32.56108468   0.9238   0.0212   2.6718   0.0247  -1.5509   0.0184  11.7301  12.1526  11.1310  10.3590  10.0740   9.9810  1.0000  0.8630  0.9793  0.8451 1  0.0003  1.5423   6.7181
4054619006287750016 263.72096656  -32.56611133   0.9276   0.0205   2.5238   0.0239  -1.9171   0.0180  13.6466  14.2854  12.8575  11.6890  11.1600  11.0200  1.0000  0.7774  0.9793  0.7613 1  0.0831  1.5268   6.9219
4054619006287753600 263.71445245  -32.56476214   0.8615   0.0396   2.5585   0.0455  -1.8508   0.0341  15.2191  15.9888  14.3461  13.0820  12.4150  12.1930  1.0000  0.9600  0.9793  0.9402 1  0.3912  1.8004   6.3805
4054619006287758720 263.71799221  -32.55589842   0.8768   0.1380   2.7420   0.1683  -1.9425   0.1270  17.9629  18.8196  16.9185  14.9180  13.9630  13.3030  0.9907  0.6291  0.9793  0.6161 1  0.8166  1.7404   6.6556
4054619036332345856 263.72361347  -32.55689846   0.8747   0.1213   2.5017   0.1457  -1.8501   0.1096  17.5858  19.0599  16.3758  14.4300  13.7220  13.0630  0.9990  0.9390  1.0000  0.9390 1  0.6515  1.7486   6.7434
4054619040647492864 263.72165502  -32.55753803   0.9888   0.1761   2.2019   0.2277  -1.7729   0.1715  18.1127  19.4154  16.9287      ...      ...      ...  0.8872  0.6136  0.9793  0.6009 1  0.8382  1.3124   7.2185
4054619040647494528 263.72590508  -32.55209232   0.8714   0.1311   2.6128   0.1624  -1.7753   0.1197  17.6876  18.9944  16.5601  14.8270  13.7950  12.4340  0.9849  1.0000  0.9793  0.9793 1  0.8185  1.7614   6.3710
4054619075007238656 263.71464724  -32.55274319   0.8978   0.0409   2.4856   0.0475  -1.8836   0.0353  15.4999  16.2461  14.6457  13.4640  12.7970  12.6080  1.0000  0.8968  0.9793  0.8783 1  0.4770  1.6490   6.8594
4054619075007249664 263.70660045  -32.54750818   0.8391   0.1174   2.6075   0.1487  -1.9496   0.1153  17.5856  18.8750  16.5664      ...      ...      ...  0.9976  0.6967  0.9793  0.6823 1  0.7187  1.8876   6.8908
4054619208145376896 263.72697733  -32.52567512   0.9172   0.1226   2.6720   0.1489  -1.5834   0.1034  17.5885  18.7286  16.3844  14.2620  12.8460  11.6690  0.9912  0.9182  0.9793  0.8992 1  0.8629  1.5673   6.2733
4054619212446209536 263.72617086  -32.52252635   0.9330   0.0614   2.5703   0.0672  -1.7465   0.0511  16.2669  17.2050  15.2885  13.7910  12.9910  12.8960  1.0000  0.9983  1.0000  0.9983 1  0.8726  1.5070   6.4658
4054619281165694080 263.69442993  -32.53655139   0.9316   0.0329   2.6597   0.0350  -1.8693   0.0256  14.7106  15.4939  13.8333  12.5930  11.6780  10.6330  1.0000  0.8661  0.9931  0.8601 1  0.7723  1.5123   6.5161
4054619315525431808 263.70145709  -32.53166265   0.8950   0.0329   2.4960   0.0365  -1.4804   0.0265  14.8422  15.6037  13.9748  12.7660  12.1070  11.9420  1.0000  0.7657  0.9793  0.7498 1  0.1293  1.6608   6.5905
4054619345570023040 263.68917796  -32.53569359   0.9489   0.1198   2.7915   0.1286  -1.4999   0.0973  17.5534  18.7998  16.4402  14.6070  13.7820  13.4230  1.0000  0.6304  0.9793  0.6174 1  0.7015  1.4486   7.0003
4054619384244916992 263.68973093  -32.52547563   0.9750   0.0732   2.6280   0.0839  -1.6588   0.0627  16.6854  17.6110  15.7313  14.3880  13.5990  13.5130  1.0000  0.9528  0.9862  0.9397 1  0.5494  1.3550   6.8872
4054619551729961856 263.62169267  -32.56877466   0.8358   0.2506   2.2546   0.3038  -1.7730   0.2198  18.7140  20.2297  17.4173  15.2930  14.6790  15.4590  0.9927  0.6674  0.9793  0.6536 1  0.7531  1.9003   7.6340
4054619556043617664 263.62713234  -32.55452536   0.9951   0.1233   2.7238   0.1493  -1.5806   0.1078  17.6391  19.1107  16.4285  14.6800  13.7460  13.5360  0.9849  0.8694  0.9793  0.8514 1  0.9491  1.2968   6.9539
4054619590387753216 263.64101703  -32.54521016   0.9497   0.1994   2.6326   0.2454  -1.6228   0.1802  18.3007  19.6697  17.0815  15.1720  14.2850  14.1250  0.9580  1.0000  1.0000  1.0000 1  0.9370  1.4459   7.0939
4054619590403353216 263.63609473  -32.55412579   0.8038   0.1326   2.4725   0.1583  -1.6497   0.1138  17.7871  19.0212  16.6380  14.8700  14.0080  12.9800  0.9746  0.9141  0.9793  0.8951 1  0.6589  2.0186   6.3064
4054619624763098752 263.61583555  -32.55306693   0.9157   0.1372   2.4654   0.1632  -1.8313   0.1158  17.5276  18.8505  16.4020  14.6590  13.4330  12.4410  0.9668  1.0000  1.0000  1.0000 1  0.9617  1.5748   6.5211
4054619757886884864 263.63982138  -32.53388129   0.9142   0.1235   2.4621   0.1476  -1.8022   0.1082  17.7468  19.1143  16.5743  14.7180  13.8370  13.5350  0.9985  1.0000  1.0000  1.0000 1  0.9166  1.5809   6.9889
4054619860963955584 263.62042327  -32.53190088   0.9231   0.0160   2.5164   0.0192  -1.8272   0.0129  12.4128  12.5599  12.1421  11.7920  11.7080  11.6910  1.0000  1.0000  1.0000  1.0000 1  0.0000  1.5459   6.6683
4054620140159166592 263.68331480  -32.51888445   0.8728   0.0520   2.4490   0.0594  -1.6565   0.0451  16.0648  16.9629  15.1049  13.6280  12.1740  11.1240  1.0000  0.9091  0.9793  0.8903 1  0.2394  1.7567   6.8638
4054620445081698688 263.64129379  -32.48661228   0.9314   0.1387   2.6513   0.2193  -1.6337   0.1518  17.9378  18.7661  16.5235  14.8730  13.8920  13.2620  0.8760  0.9787  0.9966  0.9753 1  0.9895  1.5142   6.6007
4054620896073279104 263.86308494  -32.56668389   0.8644   0.0371   2.6503   0.0380  -1.6703   0.0283  15.4694  16.2198  14.6069      ...      ...      ...  1.0000  0.9775  1.0000  0.9775 1  0.3268  1.7863   7.0590
4054621132279246080 263.83098312  -32.55487482   0.9417   0.1339   2.0082   0.1509  -1.7516   0.1096  17.8641  18.6950  16.9999      ...      ...      ...  0.9766  0.5277  0.9793  0.5168 0  0.3568  1.4735   7.2272
4054621651987551488 263.89197179  -32.50919826   0.8750   0.0983   2.6978   0.1062  -1.6730   0.0737  17.1876  18.2234  16.1845  14.7760  13.2960  12.6630  0.9990  0.9766  0.9793  0.9564 1  0.2679  1.7455   7.0639
4054621755066781696 263.79577697  -32.56543265   0.8731   0.1037   2.6602   0.1058  -1.6982   0.0808  17.2714  18.5023  16.1734  14.4300  11.3110  10.2070  0.9985  1.0000  0.9793  0.9793 1  0.3554  1.7538   6.5312
4054621991273212032 263.82417507  -32.52290676   0.9143   0.2424   2.3508   0.2870  -1.7286   0.2093  18.8300  20.2593  17.5328      ...      ...      ...  0.8540  0.8275  0.9793  0.8104 1  0.7969  1.5782   6.4328
4054623232535523200 263.92041589  -32.47773413   0.8223   0.1011   2.8255   0.1099  -1.4863   0.0799  17.3854  18.6969  16.2329  14.2550  13.1660  11.6720  0.9990  0.5816  0.9793  0.5696 0  0.6782  1.9480   6.1316
4054625431558878976 263.73509428  -32.46814106   0.9937   0.1381   2.4966   0.1636  -1.7849   0.1170  17.9058  19.7885  16.6490  14.6640  13.9220  13.5110  0.9829  1.0000  0.9931  0.9931 1  0.9501  1.2991   6.5745
4054625740780846208 263.82115862  -32.45292703   0.8894   0.1198   2.7964   0.1394  -1.9844   0.0989  17.7203  18.9456  16.3727      ...      ...      ...  0.9941  0.5139  0.9793  0.5033 0  0.4697  1.3439   7.1487
4054626359271827200 263.73017599  -32.44097034   0.8946   0.1252   2.8178   0.1576  -1.7168   0.1130  17.8742  19.0021  16.8536  15.2460  13.9480  12.9500  0.9146  0.6799  0.9793  0.6658 1  0.6326  1.6629   6.6342
4054627385751770368 263.87568468  -32.40690064   0.8314   0.0913   2.5370   0.1068  -1.9607   0.0761  17.1957  18.2104  16.1580  14.5150  13.4050  12.8100  0.9829  0.6765  0.9793  0.6625 1  0.5375  1.9154   6.7629
4054629520367771264 263.48445673  -32.59341287   0.8875   0.0233   2.3754   0.0274  -1.6808   0.0194  10.7824  10.8753  10.5813  10.4750  10.3640  10.3240  1.0000  0.8293  0.9793  0.8121 1  0.0000  1.6957   6.6558
4054630035763843328 263.55438599  -32.54673477   0.9605   0.1081   2.6184   0.1294  -1.7401   0.0943  17.5468  18.7171  16.4823  14.8560  14.0620  13.1350  1.0000  1.0000  0.9828  0.9828 1  0.6693  1.4075   6.8761
4054630065808374272 263.52406435  -32.54776649   0.8870   0.0479   2.3627   0.0509  -1.7677   0.0376  15.3081  16.1481  14.3746      ...      ...      ...  1.0000  0.8612  0.9793  0.8434 1  0.3493  1.6980   7.0678
4054630237607110400 263.56570422  -32.51312892   0.8514   0.0795   2.6237   0.0978  -1.6599   0.0708  16.8917  17.9270  15.8692  14.3880  13.2340  12.9340  1.0000  0.9773  0.9862  0.9638 1  0.3638  1.8437   7.2855
4054630340687152896 263.51228200  -32.52862382   0.9869   0.2454   2.6338   0.3390  -1.3451   0.2373  18.6918  20.4045  17.4979  15.5170  13.8550  13.0930  0.9062  0.5300  0.9793  0.5190 0  0.4697  1.3439   7.1487
4054630478125280768 263.52815478  -32.51169731   0.9669   0.0509   2.4891   0.0584  -1.7950   0.0423  15.8992  16.6875  15.0122  13.5710  12.7900  12.0740  1.0000  1.0000  1.0000  1.0000 1  0.6521  1.3854   7.0784
4054630718653021696 263.47769188  -32.52862211   0.9790   0.2476   2.2294   0.2942  -1.6621   0.2167  18.5912  19.8728  17.2658  15.0480  13.2130  12.7610  0.6299  0.7212  0.9793  0.7063 1  0.5123  1.3479   6.6344
4054631444513172352 263.46295575  -32.48749589   0.9980   0.0456   2.4898   0.0531  -1.7255   0.0376  15.6393  16.4323  14.7498  13.4280  12.8040  12.5880  1.0000  1.0000  0.9793  0.9793 1  0.8082  1.2933   7.1313
4054631616311866752 263.49381175  -32.45928557   0.9602   0.0576   2.6303   0.0686  -1.5300   0.0477  16.3232  17.4389  15.2593  13.5370  12.7210  12.5630  1.0000  0.7907  0.9793  0.7743 1  0.8027  1.4098   6.9953
4054631788110501888 263.60214994  -32.50444858   0.9293   0.0349   2.6446   0.0400  -1.8454   0.0279   8.7996   8.8436   8.6156   8.2490   8.2250   8.2090  1.0000  0.9129  1.0000  0.9129 1  0.0000  1.5227   6.9585
4054631856829988864 263.58601584  -32.48860049   0.9528   0.0534   2.1362   0.0653  -1.8293   0.0477  16.1379  17.2005  15.1115  13.3910  12.5100  12.2970  1.0000  0.5490  0.9793  0.5377 0  0.4697  1.3439   7.1487
4054631994268953856 263.55101819  -32.48749671   0.8471   0.0534   2.6540   0.0648  -1.6639   0.0467  16.0655  16.9203  15.1408  13.8770  13.0380  12.6940  1.0000  0.9685  1.0000  0.9685 1  0.3366  1.8605   6.2622
4054632093030813312 263.60322544  -32.46299811   0.8869   0.0203   2.5775   0.0259  -1.7025   0.0180  11.7364  11.8499  11.5085  11.1700  11.0240  10.9800  1.0000  1.0000  0.9966  0.9966 1  0.0000  1.6984   6.6629
4054632230471975552 263.64616756  -32.46446141   0.9160   0.0735   2.6367   0.0925  -1.3872   0.0710  16.8275  17.9162  15.7790  14.1420  13.2860  12.9900  1.0000  0.5772  0.9793  0.5653 0  0.8504  1.5743   6.8420
4054632814585319168 263.52368105  -32.46854951   0.8913   0.0165   2.3695   0.0195  -1.5412   0.0144  12.3857  12.5302  12.1208  11.7550  11.7020  11.6230  1.0000  0.7208  0.9793  0.7059 1  0.0000  1.6777   6.5855
4054632956341647744 263.55303490  -32.43957380   0.9219   0.1762   2.1605   0.2192  -1.7304   0.1603  18.0092  19.0096  16.9350  15.0490  14.0040  13.6520  0.7520  0.5955  0.9793  0.5832 0  0.5497  1.5524   6.6325
4054633059420873728 263.52598424  -32.44100827   0.9143   0.1406   2.4469   0.1642  -1.7928   0.1090  17.6628  18.9254  16.5864      ...      ...      ...  0.9893  1.0000  1.0000  1.0000 1  0.7739  1.5829   6.8984
4054633368658508416 263.57187271  -32.42405495   0.9214   0.0181   2.5887   0.0227  -1.8846   0.0176  13.4671  13.9191  12.8375  12.0050  11.7050  11.6530  1.0000  0.8664  0.9793  0.8485 1  0.0007  1.5541   6.6321
4054633982828831360 263.43580610  -32.49675554   0.8866   0.3124   2.4093   0.3693  -1.5214   0.2724  18.9639  20.5461  17.7523      ...      ...      ...  0.9692  0.8312  0.9793  0.8140 1  0.7862  1.7003   6.5608
4054634158932527872 263.40372494  -32.48520530   0.9854   0.0513   2.5835   0.0587  -1.7800   0.0423  15.6052  16.4362  14.6600  13.1740  12.2300  11.4500  1.0000  1.0000  0.9862  0.9862 1  0.9180  1.3307   6.7729
4054634292056277888 263.42364835  -32.46109046   0.8675   0.1103   2.1428   0.1222  -1.6317   0.0878  17.4057  18.6560  16.3096  14.7060  13.9200  13.1760  1.0000  0.5925  0.9793  0.5802 0  0.7983  1.7805   6.5591
4054634536889639296 263.47226936  -32.45502956   0.8793   0.0944   2.2555   0.1117  -1.7466   0.0769  17.1737  18.3360  16.0982  14.3240  12.6970  11.9400  0.9990  0.6753  0.9793  0.6613 1  0.4087  1.7321   6.8707
4054634674328608000 263.43363065  -32.45305542   0.8711   0.0876   2.4684   0.0984  -1.5939   0.0748  17.0510  18.1533  16.0114      ...      ...      ...  1.0000  0.8728  0.9793  0.8548 1  0.7143  1.7664   7.0453
4054635322848452992 263.33675168  -32.43517287   0.8558   0.1659   2.3502   0.2157  -1.6537   0.1467  18.1933  19.6544  16.9592      ...      ...      ...  0.7256  0.8150  0.9793  0.7981 1  0.8989  1.8290   6.4898
4054635803897900416 263.39534852  -32.40243597   0.8451   0.2544   2.8495   0.3507  -1.6738   0.2377  18.8928  20.6961  17.6306  15.4430  14.5330  14.2000  0.9771  0.6339  0.9793  0.6208 1  0.9751  1.8696   6.9717
4054636083077864960 263.50851627  -32.42847479   0.9283   0.0434   2.5889   0.0483  -1.6291   0.0341  15.3629  16.1401  14.4738  13.1270  12.2490  11.7780  1.0000  0.9794  0.9793  0.9592 1  0.7528  1.5286   6.3938
4054636083077870464 263.50315266  -32.42006160   0.9597   0.0876   2.5914   0.1100  -1.5593   0.0742  16.4933  17.3561  15.4566      ...      ...      ...  0.8604  0.9339  0.9897  0.9242 1  0.5219  1.4114   7.1862
4054636151797478016 263.50312083  -32.41198400   0.9465   0.0337   2.4429   0.0383  -1.4837   0.0271  15.0060  15.8421  14.1088  12.9340  12.0290  10.8360  1.0000  0.7398  0.9793  0.7245 1  0.7742  1.4605   6.6170
4054636186157088768 263.51446550  -32.40334560   0.8475   0.0208   2.5805   0.0234  -1.6469   0.0168  10.6280  10.7102  10.4426  10.3580  10.2620  10.1860  1.0000  0.9968  0.9793  0.9762 1  0.0000  1.8598   6.7753
4054636662878291456 263.52351316  -32.38049139   0.9659   0.1375   2.3103   0.1612  -1.4008   0.1163  17.7402  19.3356  16.5072  14.5430  13.7090  12.5770  0.9976  0.5554  0.9793  0.5440 0  0.9140  1.3899   6.5833
4054636735912901376 263.55963551  -32.37029659   0.9740   0.0422   2.6731   0.0516  -1.6909   0.0380  15.7743  16.6432  14.8442  13.4650  12.7930  12.6640  1.0000  1.0000  0.9793  0.9793 1  0.5549  1.3631   7.1336
4054636903399731456 263.53047888  -32.35025631   0.8950   0.1548   2.5774   0.2030  -1.6566   0.1481  18.1105  19.4820  16.9211  14.9530  14.2920  14.1340  0.9561  1.0000  0.9793  0.9793 1  0.6512  1.6625   6.8623
4054637526186955520 263.42487408  -32.34207083   0.8683   0.1190   2.6445   0.1475  -1.8620   0.1012  17.5582  18.6047  16.4629  14.6980  13.8010  12.9870  0.7852  0.8609  0.9966  0.8579 1  0.6774  1.7775   6.6121
4054638002911005056 263.48485997  -32.31147410   0.7973   0.2514   2.4740   0.3560  -1.5431   0.2782  18.9572  20.5619  17.7110  15.8940  14.4120  13.6100  0.9951  0.9069  0.9793  0.8881 1  0.9874  2.0417   7.1296
4054638277801593216 263.67700840  -32.41648795   0.9354   0.1173   2.8145   0.1543  -1.7202   0.1053  17.6475  19.0545  16.4495  14.5250  13.7280  13.5240  0.9951  0.6835  0.9793  0.6694 1  0.9224  1.5001   6.9415
4054639033703135616 263.74243979  -32.34178906   0.9323   0.0990   2.8639   0.1227  -1.6829   0.0838  17.2745  18.3191  16.2395  14.7120  13.8810  13.6690  0.9956  0.5957  0.9793  0.5833 0  0.4852  1.5117   6.8029
4054639519051672192 263.66292590  -32.35884573   0.8784   0.0586   2.4668   0.0727  -1.4026   0.0497  16.2556  17.2043  15.2813  13.8740  13.1250  13.0490  1.0000  0.6279  0.9793  0.6149 1  0.3138  1.7344   6.9925
4054640133214136064 263.69272633  -32.29824278   0.8825   0.0162   2.2745   0.0197  -1.4273   0.0133  11.7479  11.8881  11.4819  11.0490  10.7260  10.2330  1.0000  0.5853  0.9793  0.5732 0  0.4697  1.3439   7.1487
4054641164007306624 263.82822200  -32.26825491   0.8974   0.2284   2.2049   0.3777  -1.6122   0.2492  18.6577  20.3954  17.3627      ...      ...      ...  0.5054  0.6533  0.9793  0.6398 1  0.9242  1.6511   6.6948
4054642714507394688 263.56385207  -32.33217354   0.9135   0.0359   2.8189   0.0442  -1.5211   0.0309  15.3652  16.1264  14.4994  13.1330  12.4830  12.0670  1.0000  0.6339  0.9793  0.6208 1  0.4697  1.3439   7.1487
4054643053792552320 263.58996097  -32.30241731   0.8915   0.1354   2.5586   0.1566  -1.8166   0.1104  17.8885  19.2252  16.7559  14.8600  14.1860  14.0560  0.9702  1.0000  0.9793  0.9793 1  0.4990  1.6777   6.9715
4054693910510132864 262.94598031  -32.80930140   0.9439   0.0291   2.4714   0.0361  -1.8413   0.0238  14.7981  15.4011  14.0515  13.1120  12.5960  12.3860  1.0000  1.0000  1.0000  1.0000 1  0.1180  1.4732   7.1212
4054789288855963520 262.92436092  -32.69534536   0.8811   0.0979   2.2114   0.1272  -1.5454   0.0853  17.1872  18.6328  15.9965  14.0070  13.0690  10.4140  0.7783  0.5978  0.9793  0.5854 0  0.4552  1.7260   5.7333
4054790220844086272 263.07922782  -32.66281530   0.8062   0.0806   2.5227   0.1066  -1.6573   0.0710  16.8812  17.8234  15.8475      ...      ...      ...  0.9868  0.9377  0.9793  0.9183 1  0.5714  2.0112   7.0734
4054792930967131264 262.93815865  -32.62024958   0.9165   0.0162   2.2461   0.0181  -1.9705   0.0133  11.8684  12.0668  11.5145      ...      ...      ...  1.0000  0.5390  0.9793  0.5279 0  0.0030  1.5777   6.6147
4054793107085606144 262.91311006  -32.60890380   0.9147   0.0177   2.2855   0.0209  -1.8977   0.0151  13.7909  14.2387  13.1619  12.3280  12.0710  11.9220  1.0000  0.6572  0.9793  0.6436 1  0.0003  1.5843   6.5465
4054795336150396288 263.01001366  -32.51447698   0.8842   0.1142   2.1430   0.1290  -1.7487   0.0871  17.5062  18.7425  16.3899  14.6250  13.7340  13.3640  0.9956  0.5713  0.9793  0.5595 0  0.8099  1.7126   6.9191
4054795374827791872 263.02126403  -32.50849073   0.9234   0.1000   2.3970   0.1087  -1.4368   0.0749  17.3315  18.3992  16.3017  14.6370  14.0470  14.3020  0.9941  0.6631  0.9793  0.6493 1  0.0358  1.5508   7.3423
4054796646112884480 263.13481512  -32.60034045   0.8104   0.3624   2.6584   0.5498  -1.8190   0.3388  19.3235  20.6836  18.2463      ...      ...      ...  0.9976  0.9226  1.0000  0.9226 1  0.6211  1.9982   6.4213
4054797603891841280 263.17802312  -32.51475009   1.0006   0.0660   2.3544   0.0698  -1.8507   0.0512  16.4164  17.4602  15.4077  13.9400  13.1890  12.9400  1.0000  0.8235  0.9793  0.8065 1  0.9152  1.2923   6.9949
4054798016209904256 263.06416091  -32.53019482   0.9124   0.0245   2.0298   0.0252  -1.7364   0.0184  12.9510  13.2148  12.5161  11.8430  11.6250  11.5570  1.0000  0.5375  0.9793  0.5263 0  0.0000  1.5929   6.5588
4054798913880711680 263.26193521  -32.49881201   0.9543   0.0682   2.4372   0.0689  -1.6233   0.0500  16.4275  17.4492  15.4048  13.7470  12.9640  12.6250  1.0000  0.8709  0.9828  0.8559 1  0.7646  1.4329   6.7571
4054799184439890048 263.22475514  -32.47562078   0.9895   0.2510   2.2341   0.3581  -1.5085   0.2074  18.2856  19.8313  17.0313  15.2590  14.5120  14.1650  0.9272  0.5945  0.9793  0.5822 0  0.9232  1.3227   6.9542
4054799974713924096 263.19395684  -32.45166449   0.9171   0.1453   2.3487   0.1227  -1.5696   0.0967  17.5446  18.8845  16.4140  14.6190  13.9430  13.7330  0.9980  0.7374  0.9828  0.7247 1  0.3253  1.5748   7.0742
4054800734946948224 263.22027534  -32.39073831   0.8614   0.1339   2.7390   0.1240  -1.8388   0.0892  17.4608  18.6313  16.3757  14.5660  13.0360  12.2970  0.8496  0.8145  0.9793  0.7976 1  0.4610  1.8074   6.7912
4054801727060595584 263.11736549  -32.44496468   0.9719   0.1164   2.1346   0.1064  -1.6845   0.0795  17.2205  18.4088  16.1585  14.4190  13.5350  13.0250  0.9990  0.6210  0.9793  0.6082 1  0.7743  1.3801   6.7100
4054801795780034304 263.07951432  -32.45959936   0.8187   0.2389   2.5443   0.2710  -1.7378   0.1967  18.8369  20.1567  17.7906      ...      ...      ...  0.8745  1.0000  1.0000  1.0000 1  0.6398  1.9680   6.4217
4054802001940212736 263.09149068  -32.41478195   0.9825   0.3721   2.5484   0.3837  -1.5724   0.2284  18.8836  20.0325  17.7111      ...      ...      ...  0.6562  0.9324  0.9862  0.9196 1  0.5248  1.3483   6.6900
4054804308359823744 263.10360438  -32.37514719   0.9082   0.0200   2.0643   0.0211  -1.5005   0.0134  12.7557  13.0352  12.2991  10.8760  10.0120   8.9840  1.0000  0.5411  0.9793  0.5299 0  0.4697  1.3439   7.1487
4054805029892936320 263.15860540  -32.30673998   0.8761   1.2408   2.7650   1.4719  -1.6395   1.1217  20.6618  21.7288  19.2654      ...      ...      ...  0.9697  0.8217  0.9793  0.8047 1  0.1231  1.7468   6.7284
4054805059955547520 263.16188045  -32.30338266   0.8003   0.0619   2.1613   0.0655  -1.4984   0.0448  16.1241  17.1414  15.1213  13.4920  12.6230  12.1840  1.0000  0.5432  0.9793  0.5320 0  0.5807  2.0316   6.8520
4054815887567550464 262.96015002  -32.32870371   0.7766   0.2622   2.6733   0.3087  -1.8667   0.2145  18.9701  20.5308  17.8604      ...      ...      ...  0.7700  0.8611  0.9897  0.8522 1  0.7091  2.0948   6.4004
4054823618533977984 263.36327313  -32.35612503   0.9398   0.0291   2.5490   0.0314  -1.5501   0.0236  14.8562  15.6848  13.9288  12.6470  11.8930  11.6960  1.0000  0.8953  0.9931  0.8891 1  0.3640  1.4885   6.9287
4054823824671816320 263.35518688  -32.35834967   0.7990   0.5529   2.0397   0.5746  -1.7435   0.4368  19.5791  21.1746  18.4579      ...      ...      ...  0.8267  0.5307  0.9793  0.5198 0  0.6568  2.0361   6.4613
4054823824692416128 263.35139564  -32.34887109   0.8737   0.0292   2.5580   0.0290  -1.5620   0.0222  12.7479  13.2871  12.0337  10.9730  10.3460   9.9760  1.0000  0.9208  0.9897  0.9112 1  0.2544  1.7568   6.2894
4054823893411896832 263.34410790  -32.34778234   0.9192   0.0836   2.4093   0.0878  -1.5904   0.0673  16.9725  18.0392  15.8288      ...      ...      ...  1.0000  0.8379  0.9828  0.8235 1  0.7042  1.5663   7.1191
4054823992171303936 263.35785853  -32.33895399   0.7833   0.1470   2.1214   0.1587  -1.5787   0.1254  17.9440  18.9675  16.8874  15.3730  13.7810  13.4080  0.9541  0.5636  0.9793  0.5519 0  0.0892  2.0795   7.1329
4054823996491117056 263.34971137  -32.33452067   0.9313   0.0338   2.2946   0.0350  -1.5523   0.0268  15.1854  15.9186  14.3315  12.8980  12.0210  11.4480  1.0000  0.6482  0.9793  0.6348 1  0.8086  1.5195   6.4051
4054824580586226560 263.28021255  -32.31788414   0.9225   0.4335   2.2420   0.5074  -1.3831   0.3694  19.5415  21.3149  18.3826      ...      ...      ...  0.9927  0.5169  0.9793  0.5062 0  0.4697  1.3439   7.1487
4054826809671572096 263.40889737  -32.25913336   0.8751   0.0511   2.2517   0.0578  -1.7025   0.0439  16.0277  16.9148  15.0728      ...      ...      ...  1.0000  0.6769  0.9793  0.6629 1  0.4513  1.7507   7.1008
4054828944293578880 263.17914940  -32.24601128   0.8784   0.0521   2.3140   0.0545  -1.4617   0.0404  15.9207  16.1168  14.9038      ...      ...      ...  1.0000  0.6349  0.9793  0.6218 1  0.4697  1.3439   7.1487
4054831894912860416 263.51563467  -32.22661773   0.9101   0.0793   2.4777   0.0917  -1.4466   0.0726  16.9048  17.8892  15.8801  14.4660  13.5380  12.6360  1.0000  0.6858  0.9793  0.6717 1  0.5579  1.6015   6.4847
4054832689484423552 263.51364993  -32.16605538   0.9886   0.2981   2.5038   0.3560  -1.7083   0.2554  18.9829  20.5591  17.8077  15.9190  15.5780  14.5580  0.7021  0.9606  0.9897  0.9506 1  0.8482  1.3216   7.4114
4054834029534722816 263.57708663  -32.15111196   0.8706   0.0406   2.9100   0.0446  -1.5543   0.0330  15.6823  16.2249  14.9825  14.0740  13.6240  13.3070  1.0000  0.5284  0.9793  0.5174 0  0.4697  1.3439   7.1487
4054834063873889152 263.59426809  -32.14486412   0.8628   0.0256   2.6036   0.0306  -1.3667   0.0218   9.2710   9.2517   9.1505   9.0400   9.0040   9.0030  1.0000  0.5591  0.9793  0.5475 0  0.0000  1.7995   6.8261
4054834712427290880 263.63005376  -32.08980509   1.0019   0.2303   2.4466   0.2718  -1.3969   0.1818  18.6215  20.2504  17.4330  15.4260  14.4920  13.8430  0.9541  0.6220  0.9793  0.6091 1  0.9324  1.2825   7.0894
4054838633739767808 263.47703174  -32.06025851   0.8839   0.0890   2.4912   0.1094  -1.4670   0.0767  17.2760  18.2951  16.2222  14.3530  13.1950  12.4770  0.9995  0.7384  0.9793  0.7231 1  0.7459  1.7136   6.5870
4054838835580274304 263.47792511  -32.02290462   0.8150   0.0335   2.9118   0.0404  -1.6080   0.0283  15.2079  15.8250  14.4402      ...      ...      ...  1.0000  0.5662  0.9793  0.5545 0  0.3764  1.9858   6.9445
4054840454787028352 263.50365600  -31.93050941   0.8283   0.0661   2.8317   0.0784  -1.6481   0.0561  16.7549  17.5378  15.8674  14.4180  13.7270  12.8350  1.0000  0.6546  0.9793  0.6411 1  0.1052  1.9349   6.2736
4054843749022772224 263.27984958  -32.06563898   0.7829   0.2084   2.0292   0.2650  -1.6186   0.1940  18.4827  20.4045  17.1305  14.9080  13.6360  12.9670  0.9268  0.5604  0.9793  0.5488 0  0.4697  1.3439   7.1487
4054851823561478528 263.38556813  -31.97908831   0.9057   0.0476   2.8705   0.0584  -1.6477   0.0412  16.1186  16.7462  15.3321      ...      ...      ...  1.0000  0.5923  0.9793  0.5801 0  0.1823  1.6227   7.1214
4054928656227650304 264.39555605  -32.75483655   0.8985   0.5067   2.0179   0.5963  -1.6088   0.3905  19.8849  21.4251  18.7358      ...      ...      ...  0.9761  0.5455  0.9793  0.5342 0  0.4697  1.3439   7.1487
4054928862390476032 264.35087058  -32.75260648   0.8604   0.6139   2.1771   1.2742  -1.7067   0.7876  20.1843  21.4504  18.9919      ...      ...      ...  0.7778  0.5984  0.9793  0.5860 0  0.2433  1.7894   6.6844
4054932710689035392 264.42763379  -32.58139286   0.8161   0.0317   2.5380   0.0411  -1.7566   0.0272  15.0513  15.7644  14.1952  12.8750  12.2300  11.9100  1.0000  1.0000  1.0000  1.0000 1  0.3501  1.9553   6.5277
4054934703541938560 264.31300510  -32.58563211   0.8227   0.3390   2.6643   0.5101  -1.9849   0.3408  19.4667  20.8144  18.4536      ...      ...      ...  0.8877  0.6247  0.9793  0.6118 1  0.5983  1.9342   6.5037
4054936696411555712 264.32454376  -32.50268023   0.9973   0.2770   1.9479   0.5212  -1.6398   0.2858  19.0922  20.1579  18.0797      ...      ...      ...  0.9561  0.5159  0.9793  0.5052 0  0.4697  1.3439   7.1487
4054951883421718528 264.04823768  -32.44580564   0.8640   0.1044   2.1353   0.1170  -1.5367   0.0837  17.4592  18.3734  16.5173  15.0960  13.9230  13.4070  0.9849  0.5770  0.9793  0.5650 0  0.0508  1.7863   6.8842
4054954902773653376 264.37778680  -32.42380837   0.7819   0.1228   2.4645   0.1742  -1.3708   0.1173  17.8967  18.8911  16.8774      ...      ...      ...  0.9790  0.5866  0.9793  0.5744 0  0.4697  1.3439   7.1487
4055002834609156864 264.11925561  -32.23419442   0.9770   0.1208   2.6496   0.1526  -1.8143   0.1038  17.8482  18.7218  16.8896      ...      ...      ...  0.9766  0.9523  0.9862  0.9392 1  0.4697  1.3439   7.1487
4055003010708036096 264.09286585  -32.23854325   0.8050   0.6861   2.1648   1.0370  -1.4195   0.6954  20.2460  21.9947  19.0378      ...      ...      ...  0.6123  0.5255  0.9793  0.5146 0  0.4697  1.3439   7.1487
4055005823906426240 263.98510616  -32.22034721   0.9710   0.1251   2.4281   0.1630  -1.4992   0.1103  17.9592  19.3664  16.8249  14.7500  13.1420  12.2980  0.9897  0.7935  0.9793  0.7770 1  0.7314  1.3665   6.7815
4055008302104285824 264.22808980  -32.20069535   0.9300   0.4609   2.9343   0.5325  -1.6193   0.3574  19.5632  20.8834  18.4896      ...      ...      ...  0.9634  0.5200  0.9793  0.5092 0  0.4697  1.3439   7.1487
4055020396741837312 263.92442173  -32.06513730   0.8283   0.1468   2.7684   0.2154  -1.5509   0.1360  18.1490  19.4266  17.0748  15.1810  13.1890  12.4350  0.8447  0.7054  0.9793  0.6908 1  0.3895  1.9313   6.9607
4055021083934892288 263.76491241  -32.13326161   0.8458   0.0263   2.5106   0.0307  -1.5183   0.0222  14.9158  15.4415  14.2207  13.2580  12.8090  12.7170  1.0000  0.7984  0.9931  0.7929 1  0.0018  1.8653   6.7306
4055021354520970880 263.74942574  -32.10781240   0.9149   0.3094   2.5502   0.4943  -1.7754   0.3150  19.3291  20.5098  18.2476      ...      ...      ...  0.8521  1.0000  0.9966  0.9966 1  0.4504  1.5815   6.5809
4055022252166008448 263.69420912  -32.10743452   0.8278   0.0341   2.3343   0.0406  -1.7569   0.0279  15.4467  15.9606  14.7532  13.8480  13.5120  12.8810  1.0000  0.8469  0.9793  0.8294 1  0.0005  1.9354   6.7493
4055210749680286592 263.72330429  -31.99663673   0.8119   0.6956   2.6101   0.8875  -1.3281   0.6315  20.4251  21.5795  19.3390      ...      ...      ...  0.9502  0.5127  0.9793  0.5020 0  0.1028  1.9981   6.6669
4055212227168076032 263.76825709  -31.98679393   0.9255   0.0840   2.5601   0.0950  -1.9478   0.0701  17.2504  17.9939  16.4004  15.2660  11.5940  10.4220  1.0000  0.7121  0.9793  0.6974 1  0.0401  1.5419   7.1291
